wateremis/wateremisclean
0 infty
0 infty
0.000000000000e+00 9.852676923077e-01
3.612244897959e-01 9.882717757515e-01
7.224489795918e-01 9.899246861560e-01
1.083673469388e+00 9.760862824396e-01
1.444897959184e+00 9.630870004456e-01
1.806122448980e+00 9.595342295871e-01
2.167346938776e+00 9.662940151848e-01
2.528571428571e+00 9.721461079818e-01
2.889795918367e+00 9.769266691964e-01
3.251020408163e+00 9.820584124779e-01
3.612244897959e+00 9.839073162026e-01
3.973469387755e+00 9.846799959852e-01
4.334693877551e+00 9.850733995714e-01
4.695918367347e+00 9.848783281374e-01
5.057142857143e+00 9.841977414843e-01
5.418367346939e+00 9.820934174270e-01
5.779591836735e+00 9.811855445363e-01
6.140816326531e+00 9.808147336540e-01
6.502040816327e+00 9.811050024558e-01
6.863265306122e+00 9.820082774530e-01
7.224489795918e+00 9.830946524316e-01
7.585714285714e+00 9.843039185971e-01
7.946938775510e+00 9.853176256696e-01
8.308163265306e+00 9.864238856911e-01
8.669387755102e+00 9.877202914592e-01
9.030612244898e+00 9.888410909790e-01
9.391836734694e+00 9.899232730842e-01
9.753061224490e+00 9.910765798200e-01
1.011428571429e+01 9.923420366922e-01
1.047551020408e+01 9.932449720902e-01
1.083673469388e+01 9.943444431275e-01
1.119795918367e+01 9.951727919928e-01
1.155918367347e+01 9.951628048935e-01
1.192040816327e+01 9.943881704495e-01
1.228163265306e+01 9.920059437770e-01
1.264285714286e+01 9.869760876235e-01
1.300408163265e+01 9.827595380693e-01
1.336530612245e+01 9.784204882117e-01
1.372653061224e+01 9.739997525188e-01
1.408775510204e+01 9.701111301659e-01
1.444897959184e+01 9.661894619425e-01
1.481020408163e+01 9.624412851603e-01
1.517142857143e+01 9.588353787151e-01
1.553265306122e+01 9.554836495416e-01
1.589387755102e+01 9.520036955630e-01
1.625510204082e+01 9.487523491383e-01
1.661632653061e+01 9.455853231518e-01
1.697755102041e+01 9.426775638931e-01
1.733877551020e+01 9.396084474974e-01
1.770000000000e+01 9.370000000000e-01
